- !<Matter/dbae67ab-ed6b-477c-b50a-abadb16ec716>
  PackagePath: ""
  Friction: 0.000000
  RollingFriction: 0.000000
  SpinningFriction: 0.000000
  DynamicBounciness: 0.000000
  StaticBounciness: 0.000000
